0 430

305 185
306 184
307 183
307 183
305 184
305 184
306 184
306 184
306 184
306 184
307 184
308 183
310 181
310 182
310 181
311 181
314 179
315 179
315 178
316 178
317 177
317 177
318 176
318 176
319 176
317 177
319 176
319 176
320 175
319 176
320 175
320 176
320 176
319 176
320 175
321 174
323 173
324 172
325 172
325 171
326 171
325 172
325 172
326 171
326 171
326 171
327 171
328 170
329 169
330 169
330 169
332 168
333 167
332 167
333 166
334 166
335 165
335 165
336 164
338 163
338 163
337 164
337 164
336 164
337 164
337 163
338 163
337 163
337 164
337 164
338 163
338 162
339 162
341 161
341 161
342 160
342 160
344 159
343 159
342 159
343 159
344 159
344 158
345 158
346 157
346 157
346 157
348 156
349 155
349 155
350 155
350 154
351 154
351 153
352 153
353 153
352 153
350 154
350 154
350 155
350 154
350 154
351 154
350 154
352 153
353 152
353 152
352 153
353 152
354 152
353 152
354 151
355 151
353 152
355 151
354 151
355 151
356 151
356 150
358 149
358 149
357 149
359 148
359 149
359 149
361 147
363 145
364 145
363 146
364 145
364 145
363 146
362 147
362 147
362 146
362 146
362 146
363 146
363 146
364 146
364 146
365 145
367 144
368 143
368 143
371 141
369 142
368 143
368 143
369 142
368 143
369 143
371 141
370 142
372 141
375 139
375 138
376 138
375 138
374 139
376 138
378 137
379 136
380 135
381 135
381 134
380 135
380 135
379 136
379 136
380 136
379 136
379 136
378 137
378 137
379 136
380 135
380 135
381 134
383 133
382 134
384 133
382 134
383 133
384 133
385 132
386 131
385 132
384 132
386 131
386 131
386 131
386 131
386 131
387 130
387 130
388 129
388 129
387 130
387 130
386 131
388 129
389 129
388 129
388 129
388 129
388 129
389 129
388 129
388 129
389 129
387 130
386 130
385 131
389 129
390 128
389 128
390 127
390 127
391 127
390 127
391 127
393 126
393 126
392 126
393 126
392 126
392 126
393 125
392 126
393 125
394 125
395 124
396 123
396 123
396 123
397 122
398 122
397 122
396 123
395 124
395 124
395 124
396 123
396 123
396 124
396 123
396 123
397 122
397 122
399 121
399 121
399 121
398 122
400 120
402 119
401 120
399 121
400 121
400 121
400 120
403 119
403 119
403 119
404 118
405 118
405 117
408 116
409 115
408 115
409 115
409 115
410 115
409 115
408 116
408 116
408 116
408 116
408 116
409 115
408 116
409 116
409 115
410 114
412 114
412 113
413 113
414 112
415 112
414 112
416 111
415 112
415 111
415 111
416 111
418 110
418 110
419 109
419 109
420 109
420 109
420 109
422 108
423 107
425 106
426 105
427 105
427 105
426 105
425 106
426 106
426 106
427 105
427 105
428 104
427 105
428 105
428 105
428 105
429 104
429 104
431 102
433 102
433 101
433 101
433 101
433 101
433 101
434 101
434 101
435 101
435 100
436 100
437 100
437 99
438 99
438 99
439 98
441 97
444 95
447 93
446 94
447 93
447 93
445 95
445 95
446 95
446 95
446 94
446 94
446 95
446 95
446 95
446 95
447 94
448 93
449 93
450 92
450 92
450 92
451 92
451 91
452 91
453 91
452 91
452 91
454 90
454 90
455 89
455 89
456 89
457 88
456 89
456 89
460 86
461 86
461 85
462 85
462 85
463 85
463 85
463 84
463 84
463 84
463 84
464 84
464 84
464 84
464 84
464 84
464 84
465 84
465 84
465 84
465 83
465 83
466 83
466 83
466 83
467 83
467 83
467 83
467 83
468 82
469 82
470 81
470 81
471 81
472 80
472 80
473 79
474 78
475 78
477 77
478 76
479 76
477 77
476 77
477 77
477 77
477 77
477 77
477 77
477 77
477 77
478 77
478 76
479 76
479 76